%YAML:1.0

#--------------------------------------------------------------------------------------------
# Camera Parameters. Adjust them!
#--------------------------------------------------------------------------------------------
File.version: "1.0"

# Camera.type: "Rectified"
Camera.type: "PinHole"

# Rectified Camera calibration (OpenCV)
Camera1.fx: 428.7656455679507
Camera1.fy: 429.5314325620808
Camera1.cx: 428.98202453263775
Camera1.cy: 242.62818182439247

# distortion parameters
Camera1.k1: 0.0008839424362487682
Camera1.k2: -0.0015822867667774324
Camera1.p1: 0.00038202691336376097
Camera1.p2: 0.0003027036156320712
Camera1.k3: 0.0

# Right Camera calibration and distortion parameters (OpenCV)
# Parameter configured 20/12
Camera2.fx: 428.55223917063876
Camera2.fy: 429.31861969877684
Camera2.cx: 429.153720218523
Camera2.cy: 242.538067373344

# distortion parameters
# Parameter configured 20/12
# decided to keep all the
# distortion parameters
# set to zero as provided
# by the examples
Camera2.k1: 0.0020373641850611975
Camera2.k2: -0.002443457145651484
Camera2.p1: 0.0002653807251477015
Camera2.p2: 0.0004154752833263941
Camera2.k3: 0.0


Stereo.T_c1_c2: !!opencv-matrix
  rows: 4
  cols: 4
  dt: f
  data: [ 9.99999993e-01,  6.68162090e-05, -9.84458664e-05, 9.51885833e-02,
        -6.68296694e-05,  9.99999988e-01, -1.36732259e-04,-3.30360616e-05,
        9.84367294e-05,  1.36738838e-04,  9.99999986e-01, 9.32172156e-05,
        0.00000000e+00,  0.00000000e+00,  0.00000000e+00, 1.00000000e+00]

Stereo.b: 0.0499585
ThDepth: 40.0
Camera.bf: 19.114771561

# Camera resolution
Camera.width: 848
Camera.height: 480

# Camera frames per second 
Camera.fps: 30

# Color order of the images (0: BGR, 1: RGB. It is ignored if images are grayscale)
Camera.RGB: 1

Tlr: !!opencv-matrix
  rows: 3
  cols: 4
  dt: f
  data: [ 9.99999993e-01,  6.68162090e-05, -9.84458664e-05, 9.51885833e-02,
        -6.68296694e-05,  9.99999988e-01, -1.36732259e-04,-3.30360616e-05,
        9.84367294e-05,  1.36738838e-04,  9.99999986e-01, 9.32172156e-05,
        0.00000000e+00,  0.00000000e+00,  0.00000000e+00, 1.00000000e+00]

# Close/Far threshold. Baseline times.
Stereo.ThDepth: 40.0

# Transformation from body-frame (imu) to left camera
IMU.T_b_c1: !!opencv-matrix
   rows: 4
   cols: 4
   dt: f
   data: [ 0.999994  ,  0.0032951 ,  0.00107283, -0.03029244,
          -0.00328959,  0.99998159, -0.00509948,  0.00552724,
          -0.00108961,  0.00509592,  0.99998642,  0.0193911 ,
          0.        ,  0.        ,  0.        ,  1.        ]

Tbc: !!opencv-matrix
   rows: 4
   cols: 4
   dt: f
   data: [ 0.999994  ,  0.0032951 ,  0.00107283, -0.03029244,
          -0.00328959,  0.99998159, -0.00509948,  0.00552724,
          -0.00108961,  0.00509592,  0.99998642,  0.0193911 ,
          0.        ,  0.        ,  0.        ,  1.        ]

# Do not insert KFs when recently lost
IMU.InsertKFsWhenLost: 0

# IMU noise (Use those from VINS-mono)
IMU.NoiseGyro: 1.5605621210326645e-03 # 3 # 2.44e-4 #1e-3 # rad/s^0.5
IMU.NoiseAcc: 1.2484198465148116e-02 #2 # 1.47e-3 #1e-2 # m/s^1.5
IMU.GyroWalk: 1.3530897067825434e-05  # rad/s^1.5
IMU.AccWalk: 2.6007410648239940e-04  # m/s^2.5
IMU.Frequency: 200.0
IMU.IMUMethod: 2

#--------------------------------------------------------------------------------------------
# ORB Parameters
#--------------------------------------------------------------------------------------------
# ORB Extractor: Number of features per image
ORBextractor.nFeatures: 1250

# ORB Extractor: Scale factor between levels in the scale pyramid 	
ORBextractor.scaleFactor: 1.2

# ORB Extractor: Number of levels in the scale pyramid	
ORBextractor.nLevels: 8

# ORB Extractor: Fast threshold
# Image is divided in a grid. At each cell FAST are extracted imposing a minimum response.
# Firstly we impose iniThFAST. If no corners are detected we impose a lower value minThFAST
# You can lower these values if your images have low contrast			
ORBextractor.iniThFAST: 20
ORBextractor.minThFAST: 7

#--------------------------------------------------------------------------------------------
# Viewer Parameters
#--------------------------------------------------------------------------------------------
Viewer.KeyFrameSize: 0.05
Viewer.KeyFrameLineWidth: 1.0
Viewer.GraphLineWidth: 0.9
Viewer.PointSize: 2.0
Viewer.CameraSize: 0.08
Viewer.CameraLineWidth: 3.0
Viewer.ViewpointX: 0.0
Viewer.ViewpointY: -0.7
Viewer.ViewpointZ: -3.5
Viewer.ViewpointF: 500.0
